[mounting]
delta_theta = [ -3.75584335824026561e-08, 0.99915222759432476, -1.20076321003700559, 0.201611309045364728, 9.31124312694708856e-07, 9.14068360585718054e-08]
delta_a = [ 1.60392836985139879e-05, 0.281338635037138463, 0.0119235659672629613, 6.23664319035607222e-06, -2.51475405523945919e-05, 0]
delta_d = [ -0.000252003530551797583, 323.491216656737322, -344.390322069882245, 20.8989984192800833, -6.34651986290285519e-05, -0.00103660261188324998]
delta_alpha = [ -0.000458095757709608975, 0.00159233541731462563, 0.00547295683953893421, -0.000907590288019344271, 0.000930699261630474339, 0]
joint_checksum = [ 0xb43b0043, 0xb424bac0, 0xb32e6c19, 0xb4194ed7, 0xb4398583, 0xb41bb6c0]
calibration_status = 2 # 0 == notInitialized / 1 == notLinearised / 2 == Linearised
joint_raw_offset = [ 4.20309019088745117, 4.19462442398071289, 1.03843963146209717, 3.63759565353393555, 3.6721796989440918, 3.69082307815551758]
joint_selftest_data_crc = [ 0x73b4808c, 0x739e8063, 0x73a98082, 0x73b08079, 0x73ce8085, 0x73af804e]
file_save_count = 1
