X_matrix:
- [0.999607, -0.016386, 0.022764, 0.019421]
- [-0.017427, -0.998776, 0.046292, -1.141314]
- [0.021977, -0.046670, -0.998669, 0.644367]
- [0.000000, 0.000000, 0.000000, 1.000000]
calibration_config: 1
calibration_method: TSAI
camera_matrix:
- [3028.006220, 0.000000, 1252.084400]
- [0.000000, 3031.188093, 996.196105]
- [0.000000, 0.000000, 1.000000]
dist_coeffs:
- [-0.096883, -0.096925, -0.001143, 0.000215, 0.951794]
position_vector:
- [0.019421, -1.141314, 0.644367, -3.094786, 0.026180, -0.034642]
