X_matrix:
- [0.999604, -0.012360, 0.025262, 0.020563]
- [-0.011867, -0.999738, -0.019554, -1.145192]
- [0.025498, 0.019247, -0.999490, 0.640312]
- [0.000000, 0.000000, 0.000000, 1.000000]
calibration_config: 1
calibration_method: TSAI
camera_matrix:
- [3027.390908, 0.000000, 1249.497991]
- [0.000000, 3030.847419, 1004.116140]
- [0.000000, 0.000000, 1.000000]
dist_coeffs:
- [-0.091853, -0.076684, -0.000829, -0.000160, 0.868220]
position_vector:
- [0.020563, -1.145192, 0.640312, 3.121880, -0.018914, 0.039628]
