X_matrix:
- [0.999967, 0.005109, 0.006346, -0.001258]
- [-0.005099, 0.999986, -0.001676, -0.131794]
- [-0.006355, 0.001644, 0.999978, 0.067473]
- [0.000000, 0.000000, 0.000000, 1.000000]
calibration_config: 0
calibration_method: TSAI
camera_matrix:
- [3039.795094, 0.000000, 1237.541497]
- [0.000000, 3043.418324, 1013.968998]
- [0.000000, 0.000000, 1.000000]
dist_coeffs:
- [-0.095041, 0.200306, -0.000531, 0.000611, -0.313331]
position_vector:
- [-0.001258, -0.131794, 0.067473, 0.001660, 0.006351, -0.005104]
