X_matrix:
- [0.999857, -0.011835, 0.012045, 0.000851]
- [0.011837, 0.999930, -0.000122, -0.134296]
- [-0.012043, 0.000265, 0.999927, 0.067266]
- [0.000000, 0.000000, 0.000000, 1.000000]
calibration_config: 0
calibration_method: TSAI
camera_matrix:
- [3015.828161, 0.000000, 1243.932846]
- [0.000000, 3017.528469, 1009.088667]
- [0.000000, 0.000000, 1.000000]
dist_coeffs:
- [-0.106227, 0.159381, 0.000416, 0.000250, -0.034832]
position_vector:
- [0.000851, -0.134296, 0.067266, 0.000194, 0.012045, 0.011837]
