X_matrix:
- [0.998644, -0.049997, 0.014497, -0.051753]
- [-0.050102, -0.998720, 0.006981, -1.140718]
- [0.014130, -0.007698, -0.999871, 0.815856]
- [0.000000, 0.000000, 0.000000, 1.000000]
calibration_config: 1
calibration_method: HORAUD
camera_matrix:
- [3021.428525, 0.000000, 1236.130356]
- [0.000000, 3023.317176, 1018.464792]
- [0.000000, 0.000000, 1.000000]
dist_coeffs:
- [-0.099495, 0.141439, 0.000164, -0.000343, -0.095194]
position_vector:
- [-0.051753, -1.140718, 0.815856, -3.133188, 0.078462, -0.022439]
