X_matrix:
- [0.999981, 0.003298, 0.005210, -0.000336]
- [-0.003272, 0.999982, -0.004942, -0.131115]
- [-0.005226, 0.004925, 0.999974, 0.070409]
- [0.000000, 0.000000, 0.000000, 1.000000]
calibration_config: 0
calibration_method: DANIILIDIS
camera_matrix:
- [3004.180158, 0.000000, 1231.750280]
- [0.000000, 3001.035910, 1010.751770]
- [0.000000, 0.000000, 1.000000]
dist_coeffs:
- [-0.105053, 0.214448, -0.000780, -0.000406, -0.333772]
position_vector:
- [-0.000336, -0.131115, 0.070409, 0.004933, 0.005218, -0.003285]
