X_matrix:
- [0.999938, 0.003233, 0.010619, -0.000557]
- [-0.003232, 0.999995, -0.000081, -0.131039]
- [-0.010619, 0.000047, 0.999944, 0.068650]
- [0.000000, 0.000000, 0.000000, 1.000000]
calibration_config: 0
calibration_method: TSAI
camera_matrix:
- [3018.504010, 0.000000, 1250.324461]
- [0.000000, 3016.190474, 1018.809174]
- [0.000000, 0.000000, 1.000000]
dist_coeffs:
- [-0.080265, 0.106744, -0.000658, -0.000679, -0.031311]
position_vector:
- [-0.000557, -0.131039, 0.068650, 0.000064, 0.010619, -0.003232]
