X_matrix:
- [0.999970, 0.003056, 0.007085, -0.000575]
- [-0.003038, 0.999992, -0.002554, -0.129154]
- [-0.007093, 0.002532, 0.999972, 0.075882]
- [0.000000, 0.000000, 0.000000, 1.000000]
calibration_config: 0
calibration_method: ANDREFF
camera_matrix:
- [3003.413255, 0.000000, 1238.706249]
- [0.000000, 3003.562606, 1012.577971]
- [0.000000, 0.000000, 1.000000]
dist_coeffs:
- [-0.100917, 0.144614, -0.001024, -0.000011, -0.089004]
position_vector:
- [-0.000575, -0.129154, 0.075882, 0.002543, 0.007089, -0.003047]
