X_matrix:
- [0.999890, 0.002437, 0.014640, -0.001776]
- [-0.002431, 0.999997, -0.000451, -0.131019]
- [-0.014641, 0.000415, 0.999893, 0.070825]
- [0.000000, 0.000000, 0.000000, 1.000000]
calibration_config: 0
calibration_method: HORAUD
camera_matrix:
- [3013.062590, 0.000000, 1256.919053]
- [0.000000, 3012.392587, 1012.769792]
- [0.000000, 0.000000, 1.000000]
dist_coeffs:
- [-0.106981, 0.032733, 0.000855, 0.000615, 0.494394]
position_vector:
- [-0.001776, -0.131019, 0.070825, 0.000433, 0.014641, -0.002434]
