X_matrix:
- [0.999926, 0.007034, 0.009938, -0.000949]
- [-0.006965, 0.999952, -0.006945, -0.131853]
- [-0.009986, 0.006875, 0.999926, 0.067062]
- [0.000000, 0.000000, 0.000000, 1.000000]
calibration_config: 0
calibration_method: DANIILIDIS
camera_matrix:
- [3024.252679, 0.000000, 1255.008564]
- [0.000000, 3021.981835, 1024.422666]
- [0.000000, 0.000000, 1.000000]
dist_coeffs:
- [-0.078897, 0.069492, -0.000425, -0.000041, 0.150354]
position_vector:
- [-0.000949, -0.131853, 0.067062, 0.006910, 0.009963, -0.007000]
