[mounting]
delta_theta = [ -3.7555255902708747e-08, 0.99915222821717609, -1.2007632105808286, 0.20161130896622431, 9.3112517227089777e-07, 9.1406794772460749e-08]
delta_a = [ 1.6039275075756064e-05, 0.2813386353592055, 0.011923565952549758, 6.2366433661928776e-06, -2.5147542725446349e-05, 1.6080813434383903e-12]
delta_d = [ -0.00025200352630212996, 323.49121668757306, -344.39032210497641, 20.898998423542359, -6.3465198284678691e-05, -0.0010366026095701747]
delta_alpha = [ -0.00045809576225965329, 0.0015923354178120871, 0.0054729568362846311, -0.00090759028942413971, 0.00093069926207729834, -3.6126874797214393e-13]
